5
6
7 2 5 3 4 6
6
3 1 4 16 23 12
9
18 57 11 52 14 45 63 40 1
15
12 10 20 3 5 7 9 11 15 1 8 4 6 18 15
100
1000000 999999 999998 999997 999996 999995 10000 3 9 10 100000 99999 99998 99997 99996 99995 1000 13 19 110 100090 99679 95698 967997 997796 996795 166700 37 69 1780 500000 943299 943298 943297 942396 769995 1006 213 1239 1230 14440 129999 129998 129997 129996 129995 12120 8903 8909 89010 123456 23456 345678 45678 15416 15415 154102 15413 15419 115410 44444 444449 444448 444447 444446 444445 444440 44443 4449 440 144444 433339 434338 433347 45236 445345 45420 45233 452319 433471 5670 5679 56798 56797 567496 256745 12860 333 339 331 330000 339999 339998 339997 339996 33995 330363 663 69 6610